2103 E371	0300 4000	0009 0600
2203 7138	4000 4000	0009 0600
1101 3838	4000 1000	0001 0100
1101 3838	1000 4000	1001 0100
1103 3838	1000 4000	5109 0300
1101 3838	8000 1000	0001 0100
1101 3838	1000 4000	1001 0100
1103 3838	1000 4000	5109 0300
2203 381C	8000 8000	0009 0600
1101 1C1C	8000 2000	0001 0100
1101 1C1C	2000 8000	1001 0100
1103 1C1C	2000 8000	5109 0300
1101 1C1C	0001 2000	0001 0100
1101 1C1C	2000 8000	1001 0100
1103 1C1C	2000 8000	5109 0300
2203 1C0E	0001 0001	0009 0600
1101 0E0E	0001 3000	0001 0100
1101 0E0E	3000 C000	1001 0100
1103 0E0E	3000 C000	5109 0300
1101 0E0E	8001 3000	0001 0100
1101 0E0E	3000 C000	1001 0100
1103 0E0E	3000 C000	5109 0300
1101 0E0E	8001 4000	0001 0100
1101 0E0E	4000 0001	1001 0100
1103 0E0E	4000 0001	5109 0300
1101 0E0E	0002 4000	0001 0100
1101 0E0E	4000 0001	1001 0100
1103 0E0E	4000 0001	5109 0300
1101 0E0E	0002 E803	0001 0100
130E 0E01	E803 E803	00C4 0E00
